[ 1117.591269] [Project1] 2917 1588079303.09997265586 1588079304.09818179027
[ 1119.214337] [Project1] 2918 1588079305.09610110056 1588079306.09441158106
[ 1120.810428] [Project1] 2919 1588079307.09204787483 1588079308.0937156804
[ 1122.391475] [Project1] 2920 1588079308.09794603751 1588079309.09618111723
[ 1123.989783] [Project1] 2921 1588079310.09405059151 1588079311.09216329543
[ 1125.635348] [Project1] 2922 1588079312.0918046934 1588079312.09861797177
[ 1127.326983] [Project1] 2923 1588079313.09684764544 1588079314.09553335368
[ 1128.932460] [Project1] 2924 1588079315.09336419263 1588079316.09158721400
[ 1130.507845] [Project1] 2925 1588079316.09916973591 1588079317.09734013785
[ 1132.110134] [Project1] 2926 1588079318.09510065953 1588079319.09336212677
